naca-0008
  1.000000   -0.000000
  0.960400    0.003681
  0.921600    0.007122
  0.883600    0.010344
  0.846400    0.013363
  0.810000    0.016193
  0.774400    0.018845
  0.739600    0.021326
  0.705600    0.023643
  0.672400    0.025800
  0.640000    0.027801
  0.608400    0.029648
  0.577600    0.031341
  0.547600    0.032881
  0.518400    0.034269
  0.490000    0.035505
  0.462400    0.036589
  0.435600    0.037520
  0.409600    0.038298
  0.384400    0.038925
  0.360000    0.039400
  0.336400    0.039725
  0.313600    0.039901
  0.291600    0.039930
  0.270400    0.039814
  0.250000    0.039556
  0.230400    0.039159
  0.211600    0.038626
  0.193600    0.037962
  0.176400    0.037171
  0.160000    0.036257
  0.144400    0.035226
  0.129600    0.034082
  0.115600    0.032830
  0.102400    0.031476
  0.090000    0.030026
  0.078400    0.028485
  0.067600    0.026858
  0.057600    0.025151
  0.048400    0.023369
  0.040000    0.021517
  0.032400    0.019599
  0.025600    0.017621
  0.019600    0.015585
  0.014400    0.013496
  0.010000    0.011358
  0.006400    0.009172
  0.003600    0.006942
  0.001600    0.004669
  0.000400    0.002355
  0.000000    0.000000
  0.000400   -0.002355
  0.001600   -0.004669
  0.003600   -0.006942
  0.006400   -0.009172
  0.010000   -0.011358
  0.014400   -0.013496
  0.019600   -0.015585
  0.025600   -0.017621
  0.032400   -0.019599
  0.040000   -0.021517
  0.048400   -0.023369
  0.057600   -0.025151
  0.067600   -0.026858
  0.078400   -0.028485
  0.090000   -0.030026
  0.102400   -0.031476
  0.115600   -0.032830
  0.129600   -0.034082
  0.144400   -0.035226
  0.160000   -0.036257
  0.176400   -0.037171
  0.193600   -0.037962
  0.211600   -0.038626
  0.230400   -0.039159
  0.250000   -0.039556
  0.270400   -0.039814
  0.291600   -0.039930
  0.313600   -0.039901
  0.336400   -0.039725
  0.360000   -0.039400
  0.384400   -0.038925
  0.409600   -0.038298
  0.435600   -0.037520
  0.462400   -0.036589
  0.490000   -0.035505
  0.518400   -0.034269
  0.547600   -0.032881
  0.577600   -0.031341
  0.608400   -0.029648
  0.640000   -0.027801
  0.672400   -0.025800
  0.705600   -0.023643
  0.739600   -0.021326
  0.774400   -0.018845
  0.810000   -0.016193
  0.846400   -0.013363
  0.883600   -0.010344
  0.921600   -0.007122
  0.960400   -0.003681
  1.000000    0.000000