naca-0010
  1.000000   -0.000000
  0.960400    0.004601
  0.921600    0.008903
  0.883600    0.012930
  0.846400    0.016704
  0.810000    0.020242
  0.774400    0.023556
  0.739600    0.026658
  0.705600    0.029554
  0.672400    0.032251
  0.640000    0.034752
  0.608400    0.037059
  0.577600    0.039176
  0.547600    0.041101
  0.518400    0.042837
  0.490000    0.044381
  0.462400    0.045736
  0.435600    0.046899
  0.409600    0.047873
  0.384400    0.048656
  0.360000    0.049250
  0.336400    0.049656
  0.313600    0.049876
  0.291600    0.049912
  0.270400    0.049767
  0.250000    0.049445
  0.230400    0.048948
  0.211600    0.048283
  0.193600    0.047453
  0.176400    0.046464
  0.160000    0.045322
  0.144400    0.044032
  0.129600    0.042602
  0.115600    0.041037
  0.102400    0.039345
  0.090000    0.037533
  0.078400    0.035606
  0.067600    0.033573
  0.057600    0.031439
  0.048400    0.029211
  0.040000    0.026896
  0.032400    0.024499
  0.025600    0.022026
  0.019600    0.019481
  0.014400    0.016871
  0.010000    0.014197
  0.006400    0.011466
  0.003600    0.008678
  0.001600    0.005837
  0.000400    0.002944
  0.000000    0.000000
  0.000400   -0.002944
  0.001600   -0.005837
  0.003600   -0.008678
  0.006400   -0.011466
  0.010000   -0.014197
  0.014400   -0.016871
  0.019600   -0.019481
  0.025600   -0.022026
  0.032400   -0.024499
  0.040000   -0.026896
  0.048400   -0.029211
  0.057600   -0.031439
  0.067600   -0.033573
  0.078400   -0.035606
  0.090000   -0.037533
  0.102400   -0.039345
  0.115600   -0.041037
  0.129600   -0.042602
  0.144400   -0.044032
  0.160000   -0.045322
  0.176400   -0.046464
  0.193600   -0.047453
  0.211600   -0.048283
  0.230400   -0.048948
  0.250000   -0.049445
  0.270400   -0.049767
  0.291600   -0.049912
  0.313600   -0.049876
  0.336400   -0.049656
  0.360000   -0.049250
  0.384400   -0.048656
  0.409600   -0.047873
  0.435600   -0.046899
  0.462400   -0.045736
  0.490000   -0.044381
  0.518400   -0.042837
  0.547600   -0.041101
  0.577600   -0.039176
  0.608400   -0.037059
  0.640000   -0.034752
  0.672400   -0.032251
  0.705600   -0.029554
  0.739600   -0.026658
  0.774400   -0.023556
  0.810000   -0.020242
  0.846400   -0.016704
  0.883600   -0.012930
  0.921600   -0.008903
  0.960400   -0.004601
  1.000000    0.000000